1013879670000
1025216330000
1013892890000
1025216160000
1013831100000
1025216300000
1023129310000
1029360560000
1029360380000
1017407690000
1029294550000
1025112730000
1025158050000
1025108380000
1013796030000
1013778310000
1025108170000
1025108250000
1013756790000
1025114790000
1013806850000
1020919310000
1013795230000
1029297920000
1025114800000
1013749240000
1013797340000
1013771010000
1013795480000
1027867590000
1020585010000
1025037820000
1024966140000
1017056790000
1025038100000
1020841280000
1020803900000
1025042830000
1024978260000
1020803950000
1020803850000
1020803860000
1024966130000
1020803870000
1020803970000
1024978230000
1020804420000
1020841290000
1013709970000
1013621200000
