1013879670000
1025216330000
1013892890000
1025216160000
1013831100000
1025216300000
1023129310000
1029360560000
1029360380000
1017407690000
1029294550000
1025112730000
1025158050000
1025108380000
1013796030000
1013778310000
1025108170000
1025108250000
1013756790000
1025114790000
1013806850000
1020919310000
1013795230000
1029297920000
1025114800000
1013749240000
1013797340000
1013771010000
1013795480000
1027867590000
1020585010000
1025037820000
1024966140000
1017056790000
1025038100000
1020841280000
1020803900000
1025042830000
1024978260000
1020803950000
1020803850000
1020803860000
1024966130000
1020803870000
1020803970000
1024978230000
1020804420000
1020841290000
1013709970000
1013621200000
1013629450000
1013629710000
1017095580000
1020803980000
1013664900000
1029068390000
1026745660000
1026566390000
1021361580000
1029068300000
1029059220000
1029059170000
1024959660000
1024958670000
1013569980000
1016985810000
1013490420000
1013564020000
1013556270000
1022679010000
1023418560000
1028974270000
1028972930000
1028966010000
1024844680000
1024773110000
1024844670000
1024762060000
1020580680000
1024844130000
1024844140000
1013398200000
1013456490000
1016928580000
1013456470000
1013459370000
1013398210000
1028920410000
1021878040000
1028340410000
1028852200000
1028842710000
1028852160000
1014422160000
1028832530000
1026169270000
1028797690000
1028797700000
1021426220000
1024636040000
1024635360000
1024712470000
1024712450000
1024708480000
1024635510000
1024708500000
1024635660000
1024635880000
1020448840000
1024635690000
1024712460000
1024635940000
1024635430000
1024635740000
1024635840000
1020518580000
1013374530000
1020518560000
1020518500000
1020448850000
1020448860000
1013378660000
1013346830000
1016820270000
1013306450000
1016820290000
1013272230000
1013346820000
1016820280000
1013326500000
1024635770000
1013279300000
1013366000000
1028760830000
1028687740000
1024783240000
2004897330000
1028232770000
1028342780000
1028400910000
1024566210000
1024578130000
1024578120000
1024607130000
1024619740000
1024616070000
1024607120000
1024607110000
1020348140000
1020384680000
1020348040000
1020348030000
1020347970000
1020408260000
1020347950000
1020384720000
1018645460000
1016668080000
1016668070000
1013196350000
1013222690000
1028623670000
1028623550000
1028577880000
1028562110000
1028547120000
2004932130000
1028502410000
1024436640000
1024518050000
1024511800000
1024432170000
1024436630000
1024511790000
1024432510000
1013118680000
1016587670000
1020243700000
1024518060000
1013142080000
1013118670000
1013060430000
1013124410000
1013137320000
1013112600000
1016573680000
1013167640000
1028436930000
1028437060000
1028436810000
1023488480000
1016473290000
1020173200000
1013015850000
1016525650000
1020173210000
1020173190000
1016538800000
1013015840000
1016499260000
1013011260000
1012999450000
1028364500000
1028364430000
1028364250000
1028340220000
1028345420000
1028314820000
1024215590000
1020051870000
1019990020000
1024213530000
1024213580000
1012878600000
1020051840000
1019990200000
1024212700000
1016425880000
1019989680000
1012919040000
1012875070000
1012907210000
1028188050000
1025306870000
1012732510000
1024128650000
1024114510000
1024128440000
1024144210000
1012732630000
1016291900000
1024128580000
1024144220000
1016353850000
1016305170000
1012791540000
1024144230000
1016341360000
1016317580000
1016317590000
1028077190000
1023992430000
1023992410000
1019818870000
1016232630000
1019818920000
1012695210000
1019780320000
1023992420000
1016193780000
